meta_p1, 010-21231, Roscoe, 1, 18/04/2019
cbcl_p1, skip, 2, , 1, 3, 2, 1, 2, 2, 2, , 2, 2
cbcl_p2, skip, 2, 1, 1, 2, 1, 1, 2, 1, 2, 2
cbcl_p3, skip, 2, 2, 1, 1, 2, 1, 1, 2, , 2, 1
cbcl_p4, skip, 2, 1, 3, 2, 2, 3, 2, 2, 2, , 1
cbcl_p5, skip, 2, 2, 2, 3, 2, Peel nails, 3, 2, 2, 1, 2
cbcl_p6, skip, 1, 2, 2, 2, 1
cbcl_p7, skip, 2, 2, 2, Redness around eyes, 3, 3, 2, 2, , 1
cbcl_p8, skip, 2, Peel skin around nails, 3, 1, 1
cbcl_p9, skip, 1, 2, 2, 2, 1, , 1, 1, 1, 1, , 1
cbcl_p10, skip, 2, 1, , 1, 2, 2, 2, , 1, 2, , 1, 2
cbcl_p11, skip, 1, 1, , 1, , 1, , 1, 2, 2, 2, 1, 2
cbcl_p12, skip, 1, , 1, 2, 2, 2, 1, 1, 1, 1, , 1
cbcl_p13, skip, 1, 1, 1, 2, , 1, 1, 2, 2, 2, 1, 1, 2, mother
sears_p1
sears_p2, 4, 3, 3, 3, 3, 4, 2, 4, 4, 4, 2, 2, 2
sears_p3, 2, 3, 4, 4, 4, 4, 4, 4, 2, 2, 3, 2, 2
sears_p4, 2, 4, 1, 3, 3, 2, 2, 4, 3, 3, 3, 3, 3, mother
pss_p1, 4, 4, 4, 1, 2, 4, 2, 2, 4, 5, mother
srs_p1, 1, 1, 4, 2, 2, 1, 2, 1, 1, 1, 3
srs_p2, 3, 1, 1, 3, 1, 3, 1, 2, 2, 2, 4
srs_p3, 1, 2, 2, 4, 1, 2, 1, 2, 2, 3, 1
srs_p4, 1, 1, 1, 1, 4, 2, 2, 1, 1, 2, 1
srs_p5, 2, 1, 1, 3, 1, 1, 1, 2, 1, 1, 2
srs_p6, 2, 1, 2, 1, 1, 1, 1, 1, 1, 1, mother
bsi_p1, 4, 1, 4, 4, 2, 4, 3, 3, 5, 5
bsi_p2, 5, 4, 5, 5, 2, 5, 5, 5, 5, 5
bsi_p3, 5, 5, 4, 2, 5, 3, 5, 5, 4, 4
bsi_p4, 5, 5, 4, 5, 5, 5, 5, 5, 5, 2
bsi_p5, 3, 3, 5, 5, 5, 4, 5, 4, 5, 5, 5, 5, 5, mother
mspss_p1, 3, 3, 3, 4, 3, 4
mspss_p2, 4, 3, 4, 3, 3, 3, mother
les_p1, 3, 1, 1, 0
les_p2, 3, 1
les_p3, 1, 1, 1, 1, 1, 1, , 0
les_p4, , 0
les_p5, 2, 2, 1, 1, 1, 1, 1, 1, 1
les_p6, 1, 4
les_p7, 1, 1, 1, 1, 1, 1, 1, , 0
les_p8, , 0
les_p9, 1, 1, 1, 1, 2, 1, 1, 2, 2, 1
les_p10, 1, 1, 1
les_p11, 2, 0, 1, 2, 2, 0, 1, 1, 1, 1
les_p12, 1, 0, 1, 1, 0
les_p13, 1, 1, 1, 1, 1, 1, 1, 2, 0, 1, 1, 1
les_p14, 1, 0
les_p15
les_p16, mother
brief2_p1
brief2_p2, 2, 2, 2, 2, 3, 2, 2, 2, 2, 2
brief2_p3, 1, 2, 2, 2, 2, 2, 2, 1, 1, 2
brief2_p4, 3, 2, 2, 2, 2, 2, 1, 1, 2, 2
brief2_p5, 2, 2, 3, 2, 2, 1, 2, 2, 2, 2
brief2_p6, 2, 3, 2, 1, 2, 2, 2, 2, 2, 2
brief2_p7, 2, 2, 2, 1, 2, 2, 2, 2, 2, 1, 1, 1, 2, mother
ace_p1, 1, 1, 1, 1, 1
ace_p2, 2, 1, 1, 2, 2, mother

pcq_p1, 

